0 1 -86.427602
0 2 -86.458164
0 3 -74.534248
0 4 -82.141373
0 5 -76.844477
0 6 -74.398253
0 7 -82.698682
0 8 -70.969573
0 9 -89.554150
0 10 -75.861925
0 11 -88.395050
0 12 -81.507071
0 13 -81.732241
0 14 -78.582499
0 15 -75.348610
0 16 -80.396785
0 17 -77.761552
0 18 -89.558217
0 19 -73.324828
0 20 -82.464953
0 21 -78.499010
0 22 -76.036819
0 23 -80.091107
0 24 -82.524506
0 25 -74.686124
0 26 -73.313083
0 27 -75.213971
0 28 -83.348315
0 29 -84.784685
0 30 -87.684599
0 31 -70.053066
0 32 -69.776235
0 33 -87.205039
0 34 -85.364360
0 35 -77.182931
0 36 -86.286740
0 37 -77.614973
0 38 -73.061697
0 39 -76.428701
0 40 -71.191054
0 41 -81.178387
0 42 -80.650047
0 43 -80.490464
0 44 -80.612611
0 45 -82.510119
0 46 -76.839269
0 47 -87.556198
0 48 -85.481957
0 49 -81.855193
0 50 -86.432990
0 51 -88.349818
0 52 -78.860444
0 53 -78.738312
0 54 -88.073033
0 55 -84.608046
0 56 -73.096470
0 57 -89.289817
0 58 -89.369051
0 59 -78.303200
0 60 -79.085703
0 61 -88.208773
0 62 -75.663784
0 63 -84.861154
0 64 -83.935362
0 65 -74.046850
0 66 -82.045687
0 67 -84.784223
0 68 -74.703389
0 69 -85.522536
0 70 -81.558862
0 71 -88.128354
0 72 -78.762572
0 73 -81.142631
0 74 -78.401257
0 75 -82.760848
0 76 -78.338961
0 77 -77.735761
0 78 -79.648103
0 79 -78.350526
0 80 -84.869628
0 81 -76.374723
0 82 -82.636847
0 83 -79.820425
0 84 -72.510321
0 85 -88.762438
0 86 -82.402407
0 87 -89.388749
0 88 -80.303211
0 89 -87.367384
0 90 -72.422510
0 91 -80.863219
0 92 -75.161797
0 93 -84.478563
0 94 -82.284231
0 95 -81.997281
0 96 -75.504877
0 97 -89.991912
0 98 -83.935723
0 99 -87.696808
1 0 -86.427602
1 2 -79.321953
1 3 -75.121707
1 4 -78.539003
1 5 -74.702464
1 6 -80.071961
1 7 -69.257031
1 8 -82.141484
1 9 -53.941775
1 10 -82.070962
1 11 -68.795999
1 12 -58.961646
1 13 -80.972410
1 14 -73.191772
1 15 -90.118888
1 16 -82.580528
1 17 -88.745966
1 18 -65.012637
1 19 -88.399759
1 20 -76.218628
1 21 -80.762264
1 22 -75.895042
1 23 -71.770327
1 24 -65.562849
1 25 -84.500440
1 26 -87.442769
1 27 -80.810683
1 28 -72.221181
1 29 -75.746539
1 30 -50.477656
1 31 -83.380332
1 32 -79.541597
1 33 -63.769164
1 34 -65.176356
1 35 -89.569077
1 36 -80.761075
1 37 -84.280426
1 38 -79.412262
1 39 -86.314805
1 40 -78.849638
1 41 -82.009721
1 42 -82.228647
1 43 -70.868569
1 44 -74.902874
1 45 -78.456421
1 46 -84.134594
1 47 -76.405667
1 48 -64.336322
1 49 -81.801890
1 50 -79.899190
1 51 -82.292254
1 52 -82.717035
1 53 -77.284093
1 54 -54.169301
1 55 -71.153353
1 56 -79.424524
1 57 -81.856665
1 58 -74.598479
1 59 -78.132123
1 60 -84.037354
1 61 -75.820714
1 62 -80.129308
1 63 -69.338965
1 64 -82.614190
1 65 -90.302995
1 66 -78.395444
1 67 -75.376717
1 68 -84.657540
1 69 -87.281089
1 70 -77.299950
1 71 -74.516391
1 72 -81.021616
1 73 -60.349030
1 74 -78.655473
1 75 -79.794882
1 76 -79.825303
1 77 -77.743978
1 78 -77.108174
1 79 -87.153782
1 80 -77.743821
1 81 -77.616775
1 82 -84.089114
1 83 -70.223051
1 84 -82.446930
1 85 -77.470056
1 86 -74.393879
1 87 -41.714564
1 88 -84.214399
1 89 -78.249272
1 90 -78.397204
1 91 -84.241704
1 92 -82.855945
1 93 -80.471235
1 94 -79.296535
1 95 -74.082639
1 96 -82.792910
1 97 -69.300092
1 98 -74.497032
1 99 -74.291422
2 0 -86.458164
2 1 -79.321953
2 3 -84.833183
2 4 -79.570845
2 5 -78.463255
2 6 -81.896873
2 7 -83.644213
2 8 -80.060362
2 9 -86.462325
2 10 -73.008477
2 11 -75.710513
2 12 -87.996116
2 13 -75.571328
2 14 -71.994575
2 15 -79.827823
2 16 -87.615074
2 17 -71.617341
2 18 -81.911132
2 19 -75.634519
2 20 -81.711954
2 21 -80.825095
2 22 -78.263285
2 23 -78.013528
2 24 -77.578223
2 25 -81.783910
2 26 -79.130276
2 27 -83.514954
2 28 -78.828077
2 29 -63.101451
2 30 -81.903448
2 31 -80.583990
2 32 -76.847399
2 33 -86.009980
2 34 -85.475236
2 35 -79.218641
2 36 -69.971766
2 37 -69.402925
2 38 -78.237470
2 39 -87.778778
2 40 -87.110929
2 41 -79.853579
2 42 -83.001585
2 43 -77.801981
2 44 -74.043965
2 45 -66.185809
2 46 -83.730038
2 47 -77.526442
2 48 -80.486033
2 49 -69.636643
2 50 -62.476013
2 51 -64.905134
2 52 -84.783227
2 53 -81.484090
2 54 -84.396929
2 55 -77.782150
2 56 -83.958207
2 57 -71.111825
2 58 -67.471210
2 59 -77.750001
2 60 -68.703701
2 61 -77.923796
2 62 -80.106935
2 63 -83.996056
2 64 -80.105116
2 65 -78.700803
2 66 -63.548160
2 67 -85.922335
2 68 -82.023673
2 69 -69.869215
2 70 -79.338870
2 71 -81.322982
2 72 -71.399518
2 73 -84.027459
2 74 -72.126205
2 75 -73.228691
2 76 -78.431607
2 77 -67.848202
2 78 -75.800271
2 79 -75.706873
2 80 -78.123162
2 81 -79.053170
2 82 -88.106775
2 83 -82.130358
2 84 -79.191687
2 85 -66.043379
2 86 -78.699666
2 87 -83.027437
2 88 -77.295690
2 89 -77.873949
2 90 -77.855927
2 91 -69.216453
2 92 -83.634651
2 93 -64.274049
2 94 -75.465921
2 95 -67.150641
2 96 -76.102381
2 97 -78.102760
2 98 -82.458847
2 99 -76.868647
3 0 -74.534248
3 1 -75.121707
3 2 -84.833183
3 4 -70.381820
3 5 -78.119311
3 6 -58.893146
3 7 -77.783216
3 8 -71.038487
3 9 -89.335613
3 10 -75.912964
3 11 -83.039304
3 12 -75.957634
3 13 -76.259369
3 14 -79.749519
3 15 -82.296667
3 16 -55.020822
3 17 -77.830748
3 18 -84.680988
3 19 -74.202947
3 20 -76.942742
3 21 -78.739347
3 22 -60.318294
3 23 -76.008867
3 24 -71.394039
3 25 -80.037067
3 26 -77.181999
3 27 -57.789552
3 28 -71.468831
3 29 -87.651267
3 30 -80.266213
3 31 -59.423159
3 32 -75.029157
3 33 -79.247663
3 34 -84.884957
3 35 -70.949818
3 36 -70.714402
3 37 -81.159356
3 38 -65.771713
3 39 -73.244340
3 40 -75.964599
3 41 -71.075113
3 42 -60.915284
3 43 -72.968670
3 44 -76.375912
3 45 -79.512557
3 46 -72.148029
3 47 -83.104039
3 48 -77.900744
3 49 -79.304440
3 50 -80.910101
3 51 -82.881653
3 52 -64.349479
3 53 -71.520189
3 54 -77.194086
3 55 -79.119573
3 56 -71.441234
3 57 -79.418209
3 58 -77.855351
3 59 -63.520626
3 60 -78.996943
3 61 -70.789676
3 62 -60.776327
3 63 -79.881387
3 64 -71.293025
3 65 -76.507749
3 66 -82.243821
3 67 -73.116662
3 68 -73.415799
3 69 -80.025245
3 70 -70.180778
3 71 -70.497835
3 72 -70.676144
3 73 -76.284672
3 74 -81.096120
3 75 -75.687783
3 76 -77.817553
3 77 -72.410369
3 78 -71.195359
3 79 -77.582052
3 80 -71.864417
3 81 -60.492534
3 82 -75.285119
3 83 -77.248573
3 84 -75.945744
3 85 -80.389543
3 86 -79.332143
3 87 -89.361009
3 88 -82.699571
3 89 -75.894017
3 90 -72.229267
3 91 -82.400410
3 92 -65.992488
3 93 -80.889909
3 94 -70.793247
3 95 -78.341709
3 96 -69.861683
3 97 -84.480972
3 98 -72.761506
3 99 -75.642273
4 0 -82.141373
4 1 -78.539003
4 2 -79.570845
4 3 -70.381820
4 5 -65.795418
4 6 -74.384380
4 7 -72.285472
4 8 -75.374073
4 9 -79.417209
4 10 -77.578563
4 11 -73.438329
4 12 -71.664347
4 13 -72.282209
4 14 -71.510029
4 15 -78.617111
4 16 -63.643100
4 17 -77.798283
4 18 -76.635589
4 19 -80.878165
4 20 -75.033402
4 21 -71.540307
4 22 -71.131297
4 23 -70.451618
4 24 -76.037183
4 25 -87.007089
4 26 -75.581975
4 27 -71.906180
4 28 -57.390245
4 29 -78.863271
4 30 -81.198428
4 31 -69.172495
4 32 -77.501162
4 33 -72.654066
4 34 -72.387873
4 35 -82.435388
4 36 -72.635647
4 37 -79.566510
4 38 -70.658645
4 39 -72.320961
4 40 -76.287188
4 41 -67.968629
4 42 -77.900571
4 43 -73.258937
4 44 -76.435701
4 45 -78.277780
4 46 -73.940278
4 47 -78.733530
4 48 -73.488224
4 49 -80.079145
4 50 -83.046298
4 51 -83.672348
4 52 -63.546630
4 53 -69.706691
4 54 -77.695528
4 55 -65.521348
4 56 -72.524070
4 57 -78.460161
4 58 -80.691912
4 59 -71.171091
4 60 -75.406459
4 61 -74.604092
4 62 -70.192665
4 63 -77.436890
4 64 -64.262996
4 65 -78.628511
4 66 -85.510357
4 67 -76.860522
4 68 -76.186598
4 69 -73.730903
4 70 -68.240094
4 71 -69.263937
4 72 -77.026192
4 73 -72.658926
4 74 -76.300807
4 75 -76.829627
4 76 -72.830609
4 77 -75.544529
4 78 -63.325937
4 79 -71.408901
4 80 -64.470588
4 81 -74.109450
4 82 -74.915119
4 83 -68.753460
4 84 -79.476448
4 85 -72.654353
4 86 -75.406474
4 87 -76.495204
4 88 -85.849690
4 89 -67.615585
4 90 -80.608823
4 91 -77.515850
4 92 -64.652493
4 93 -84.721808
4 94 -70.926267
4 95 -74.346827
4 96 -75.207057
4 97 -80.454791
4 98 -70.853486
4 99 -72.620028
5 0 -76.844477
5 1 -74.702464
5 2 -78.463255
5 3 -78.119311
5 4 -65.795418
5 6 -77.114335
5 7 -68.445998
5 8 -79.652121
5 9 -74.686781
5 10 -81.437721
5 11 -66.327015
5 12 -78.851618
5 13 -75.470689
5 14 -67.641957
5 15 -83.169956
5 16 -76.893052
5 17 -80.106047
5 18 -75.624286
5 19 -75.978104
5 20 -64.594235
5 21 -81.954262
5 22 -80.721870
5 23 -63.008178
5 24 -64.642875
5 25 -82.477049
5 26 -79.857190
5 27 -80.332036
5 28 -78.009296
5 29 -72.409630
5 30 -71.354335
5 31 -77.355736
5 32 -75.400415
5 33 -71.554823
5 34 -79.264395
5 35 -80.966261
5 36 -75.460334
5 37 -77.436435
5 38 -74.510165
5 39 -85.294104
5 40 -86.161220
5 41 -78.988984
5 42 -79.873230
5 43 -65.566212
5 44 -71.990964
5 45 -66.746708
5 46 -81.171345
5 47 -65.985229
5 48 -71.127395
5 49 -74.869941
5 50 -72.230738
5 51 -72.316848
5 52 -69.823425
5 53 -80.285557
5 54 -69.368833
5 55 -74.696959
5 56 -77.255215
5 57 -81.757090
5 58 -68.494000
5 59 -69.481721
5 60 -75.299569
5 61 -81.529484
5 62 -79.344262
5 63 -75.317388
5 64 -68.698151
5 65 -82.528094
5 66 -79.758811
5 67 -76.583671
5 68 -80.857245
5 69 -74.158419
5 70 -78.469639
5 71 -79.108567
5 72 -81.921406
5 73 -76.549710
5 74 -70.173400
5 75 -71.880301
5 76 -83.231912
5 77 -72.460406
5 78 -66.712825
5 79 -80.412593
5 80 -73.691833
5 81 -76.363955
5 82 -78.777882
5 83 -66.347171
5 84 -81.480857
5 85 -67.377259
5 86 -74.489586
5 87 -75.813101
5 88 -82.083091
5 89 -69.993725
5 90 -83.714788
5 91 -78.759892
5 92 -74.347504
5 93 -81.864601
5 94 -75.569830
5 95 -69.047075
5 96 -78.168586
5 97 -69.442302
5 98 -73.140017
5 99 -65.023098
6 0 -74.398253
6 1 -80.071961
6 2 -81.896873
6 3 -58.893146
6 4 -74.384380
6 5 -77.114335
6 7 -78.980263
6 8 -72.768171
6 9 -88.245645
6 10 -75.108614
6 11 -83.513947
6 12 -82.556891
6 13 -70.055273
6 14 -77.504718
6 15 -79.072811
6 16 -62.832101
6 17 -68.462271
6 18 -78.157719
6 19 -73.213745
6 20 -79.196672
6 21 -81.955691
6 22 -74.158643
6 23 -79.281723
6 24 -79.786286
6 25 -75.107269
6 26 -77.137181
6 27 -64.801830
6 28 -80.362216
6 29 -78.028754
6 30 -86.411310
6 31 -65.038545
6 32 -70.218263
6 33 -78.518509
6 34 -77.741655
6 35 -68.051891
6 36 -70.805737
6 37 -78.798053
6 38 -68.902393
6 39 -70.346056
6 40 -77.517987
6 41 -73.199893
6 42 -57.429478
6 43 -78.079487
6 44 -84.396371
6 45 -72.740764
6 46 -69.521603
6 47 -85.897330
6 48 -87.997071
6 49 -80.547353
6 50 -82.016443
6 51 -79.184110
6 52 -68.046818
6 53 -62.604219
6 54 -81.143031
6 55 -76.639041
6 56 -73.241328
6 57 -77.948255
6 58 -81.644450
6 59 -66.798548
6 60 -81.195785
6 61 -76.369641
6 62 -59.172851
6 63 -84.496665
6 64 -67.888743
6 65 -69.582483
6 66 -77.031108
6 67 -72.977434
6 68 -63.603114
6 69 -77.163282
6 70 -73.337199
6 71 -76.921006
6 72 -66.937609
6 73 -77.824548
6 74 -78.155266
6 75 -74.085995
6 76 -74.056409
6 77 -68.871025
6 78 -69.902493
6 79 -72.032772
6 80 -79.305713
6 81 -60.235877
6 82 -75.480942
6 83 -74.546642
6 84 -71.049427
6 85 -72.511179
6 86 -83.065908
6 87 -77.706438
6 88 -79.801099
6 89 -72.091964
6 90 -72.267095
6 91 -78.615866
6 92 -78.526328
6 93 -82.037867
6 94 -71.038155
6 95 -81.513922
6 96 -79.269794
6 97 -84.316188
6 98 -73.619291
6 99 -79.660471
7 0 -82.698682
7 1 -69.257031
7 2 -83.644213
7 3 -77.783216
7 4 -72.285472
7 5 -68.445998
7 6 -78.980263
7 8 -80.748979
7 9 -68.439485
7 10 -78.754058
7 11 -70.897944
7 12 -67.379048
7 13 -78.758889
7 14 -68.946455
7 15 -87.538071
7 16 -73.512366
7 17 -80.298777
7 18 -69.633344
7 19 -81.960370
7 20 -70.504268
7 21 -78.788604
7 22 -74.697026
7 23 -67.096548
7 24 -62.849621
7 25 -73.705178
7 26 -80.727462
7 27 -81.268176
7 28 -68.936872
7 29 -74.770261
7 30 -69.276740
7 31 -80.149607
7 32 -79.659791
7 33 -57.126610
7 34 -68.955733
7 35 -83.157082
7 36 -78.856460
7 37 -75.354656
7 38 -70.273557
7 39 -86.583431
7 40 -81.025451
7 41 -68.884547
7 42 -87.178346
7 43 -65.218827
7 44 -80.741277
7 45 -80.129441
7 46 -78.333761
7 47 -70.211029
7 48 -68.079383
7 49 -78.485037
7 50 -82.763460
7 51 -83.821418
7 52 -81.661692
7 53 -83.157649
7 54 -69.645788
7 55 -61.880620
7 56 -77.386881
7 57 -81.847900
7 58 -79.937600
7 59 -80.969044
7 60 -78.137684
7 61 -75.932681
7 62 -85.133327
7 63 -68.743471
7 64 -69.445869
7 65 -82.716908
7 66 -83.664743
7 67 -83.342470
7 68 -80.342567
7 69 -76.998139
7 70 -78.247945
7 71 -64.891716
7 72 -76.398089
7 73 -65.430206
7 74 -75.390140
7 75 -71.636151
7 76 -82.324149
7 77 -76.601330
7 78 -78.296970
7 79 -82.703858
7 80 -73.245576
7 81 -77.558486
7 82 -77.327399
7 83 -55.869807
7 84 -78.305904
7 85 -76.579448
7 86 -65.232341
7 87 -70.201501
7 88 -81.540569
7 89 -67.088332
7 90 -83.115215
7 91 -85.399879
7 92 -68.967352
7 93 -80.998832
7 94 -75.284501
7 95 -75.280212
7 96 -75.419108
7 97 -71.927952
7 98 -66.610730
7 99 -65.290454
8 0 -70.969573
8 1 -82.141484
8 2 -80.060362
8 3 -71.038487
8 4 -75.374073
8 5 -79.652121
8 6 -72.768171
8 7 -80.748979
8 9 -86.149704
8 10 -46.318505
8 11 -78.052806
8 12 -86.226916
8 13 -65.757206
8 14 -76.316861
8 15 -69.255994
8 16 -74.387251
8 17 -64.469400
8 18 -83.153592
8 19 -56.547015
8 20 -85.064842
8 21 -71.061700
8 22 -64.987823
8 23 -77.612970
8 24 -80.460974
8 25 -67.234281
8 26 -71.184351
8 27 -72.863662
8 28 -78.892543
8 29 -77.799170
8 30 -83.719281
8 31 -75.578622
8 32 -69.159100
8 33 -83.352108
8 34 -87.664652
8 35 -66.711942
8 36 -71.716500
8 37 -73.612989
8 38 -74.016620
8 39 -82.035977
8 40 -81.313551
8 41 -66.774630
8 42 -72.329563
8 43 -79.252252
8 44 -81.040920
8 45 -81.057660
8 46 -80.244835
8 47 -85.968742
8 48 -80.193345
8 49 -80.891875
8 50 -78.263374
8 51 -80.564914
8 52 -70.640587
8 53 -76.862313
8 54 -85.775035
8 55 -81.836129
8 56 -88.495282
8 57 -79.656304
8 58 -76.162232
8 59 -73.017766
8 60 -75.258873
8 61 -75.674113
8 62 -74.092070
8 63 -86.628288
8 64 -73.165426
8 65 -63.586666
8 66 -75.828561
8 67 -80.805663
8 68 -70.125567
8 69 -81.527209
8 70 -73.481622
8 71 -80.403703
8 72 -64.449248
8 73 -78.803082
8 74 -81.730110
8 75 -74.620932
8 76 -76.561359
8 77 -68.085986
8 78 -77.223662
8 79 -70.376973
8 80 -74.991415
8 81 -73.908121
8 82 -83.963267
8 83 -78.648917
8 84 -59.956788
8 85 -73.905627
8 86 -87.598112
8 87 -85.816059
8 88 -69.530985
8 89 -81.637294
8 90 -82.786584
8 91 -72.721162
8 92 -78.835786
8 93 -74.208720
8 94 -63.549598
8 95 -78.563439
8 96 -69.654259
8 97 -86.437994
8 98 -76.632290
8 99 -76.531024
9 0 -89.554150
9 1 -53.941775
9 2 -86.462325
9 3 -89.335613
9 4 -79.417209
9 5 -74.686781
9 6 -88.245645
9 7 -68.439485
9 8 -86.149704
9 10 -84.973989
9 11 -73.244388
9 12 -65.060813
9 13 -82.407549
9 14 -79.381004
9 15 -86.755336
9 16 -84.409569
9 17 -79.171001
9 18 -64.762240
9 19 -88.517518
9 20 -69.411061
9 21 -85.353685
9 22 -84.202740
9 23 -78.049539
9 24 -73.422368
9 25 -87.518201
9 26 -84.375808
9 27 -80.932767
9 28 -80.079978
9 29 -85.893656
9 30 -49.861945
9 31 -79.194065
9 32 -83.575909
9 33 -67.359015
9 34 -62.226394
9 35 -83.985593
9 36 -77.654777
9 37 -86.982029
9 38 -78.705458
9 39 -83.794262
9 40 -86.328243
9 41 -75.607935
9 42 -82.801426
9 43 -76.611848
9 44 -75.816806
9 45 -82.264703
9 46 -80.129048
9 47 -80.125304
9 48 -79.943088
9 49 -77.978318
9 50 -81.460791
9 51 -84.123780
9 52 -79.457711
9 53 -78.993544
9 54 -63.981136
9 55 -71.195863
9 56 -76.927464
9 57 -82.949411
9 58 -72.951289
9 59 -85.387549
9 60 -80.543276
9 61 -77.226303
9 62 -82.583379
9 63 -67.790971
9 64 -81.960415
9 65 -85.491923
9 66 -86.696774
9 67 -75.270259
9 68 -79.570967
9 69 -81.710543
9 70 -85.488257
9 71 -79.507855
9 72 -81.003654
9 73 -64.706960
9 74 -88.613035
9 75 -77.352624
9 76 -79.263143
9 77 -79.757377
9 78 -83.806179
9 79 -87.411508
9 80 -81.203923
9 81 -81.249518
9 82 -84.951007
9 83 -76.869780
9 84 -85.663927
9 85 -76.866461
9 86 -77.979389
9 87 -49.790359
9 88 -86.140412
9 89 -73.152358
9 90 -80.741571
9 91 -78.677180
9 92 -78.409819
9 93 -84.217784
9 94 -75.254243
9 95 -82.189470
9 96 -81.820836
9 97 -68.397025
9 98 -80.278771
9 99 -75.178042
10 0 -75.861925
10 1 -82.070962
10 2 -73.008477
10 3 -75.912964
10 4 -77.578563
10 5 -81.437721
10 6 -75.108614
10 7 -78.754058
10 8 -46.318505
10 9 -84.973989
10 11 -79.726505
10 12 -84.202638
10 13 -62.680757
10 14 -76.477740
10 15 -72.502254
10 16 -71.845419
10 17 -64.078411
10 18 -83.817936
10 19 -59.744338
10 20 -77.492705
10 21 -74.935001
10 22 -62.700019
10 23 -87.873032
10 24 -82.998539
10 25 -71.457477
10 26 -65.422757
10 27 -74.680237
10 28 -80.118342
10 29 -79.695756
10 30 -84.034765
10 31 -75.155191
10 32 -62.784423
10 33 -80.095684
10 34 -87.267737
10 35 -62.314964
10 36 -70.478463
10 37 -77.778258
10 38 -71.960289
10 39 -78.970605
10 40 -75.512544
10 41 -69.290251
10 42 -63.478509
10 43 -74.673440
10 44 -82.336257
10 45 -77.000751
10 46 -76.316576
10 47 -82.037281
10 48 -72.813849
10 49 -78.537256
10 50 -77.765775
10 51 -78.604160
10 52 -78.459537
10 53 -76.465314
10 54 -87.133579
10 55 -84.605058
10 56 -82.319565
10 57 -77.796835
10 58 -78.799140
10 59 -72.486380
10 60 -82.512221
10 61 -75.828709
10 62 -76.955889
10 63 -83.500727
10 64 -66.216802
10 65 -59.188773
10 66 -76.090360
10 67 -77.479776
10 68 -75.070804
10 69 -73.760614
10 70 -76.883845
10 71 -78.332317
10 72 -59.323121
10 73 -84.490194
10 74 -80.052571
10 75 -76.199942
10 76 -77.966364
10 77 -70.713391
10 78 -74.198422
10 79 -68.206316
10 80 -69.012198
10 81 -71.266327
10 82 -83.747742
10 83 -81.202007
10 84 -57.798722
10 85 -75.772070
10 86 -83.310911
10 87 -85.049917
10 88 -71.167956
10 89 -73.870987
10 90 -74.623944
10 91 -72.852045
10 92 -71.520385
10 93 -77.761499
10 94 -69.593107
10 95 -75.543902
10 96 -70.621887
10 97 -85.606191
10 98 -81.565834
10 99 -76.921301
11 0 -88.395050
11 1 -68.795999
11 2 -75.710513
11 3 -83.039304
11 4 -73.438329
11 5 -66.327015
11 6 -83.513947
11 7 -70.897944
11 8 -78.052806
11 9 -73.244388
11 10 -79.726505
11 12 -83.683804
11 13 -77.606625
11 14 -71.023356
11 15 -86.150148
11 16 -79.190438
11 17 -79.933428
11 18 -70.297225
11 19 -80.611573
11 20 -57.837530
11 21 -80.791686
11 22 -82.980551
11 23 -68.985350
11 24 -66.418731
11 25 -84.886691
11 26 -88.698115
11 27 -79.970913
11 28 -76.214600
11 29 -75.881811
11 30 -73.734251
11 31 -77.957321
11 32 -83.091334
11 33 -75.608270
11 34 -76.957936
11 35 -85.545619
11 36 -82.396559
11 37 -80.516563
11 38 -80.265646
11 39 -86.421434
11 40 -82.204341
11 41 -80.263553
11 42 -86.372422
11 43 -62.987781
11 44 -58.974332
11 45 -74.031558
11 46 -81.263235
11 47 -54.007466
11 48 -75.457644
11 49 -71.399808
11 50 -77.104011
11 51 -80.763715
11 52 -81.031594
11 53 -76.439081
11 54 -75.768082
11 55 -80.081308
11 56 -85.087587
11 57 -76.572723
11 58 -69.381071
11 59 -81.462348
11 60 -77.399299
11 61 -78.488037
11 62 -80.015470
11 63 -68.418136
11 64 -75.710294
11 65 -83.201582
11 66 -79.638145
11 67 -85.538604
11 68 -87.562711
11 69 -78.478429
11 70 -78.667934
11 71 -82.099424
11 72 -83.318294
11 73 -75.141685
11 74 -75.197318
11 75 -76.380649
11 76 -86.436582
11 77 -74.160719
11 78 -80.749516
11 79 -87.658319
11 80 -70.482762
11 81 -82.150051
11 82 -79.038737
11 83 -72.593821
11 84 -80.249489
11 85 -77.491603
11 86 -57.889917
11 87 -81.067140
11 88 -85.610224
11 89 -77.119883
11 90 -82.704429
11 91 -74.573069
11 92 -82.727950
11 93 -77.296855
11 94 -79.229785
11 95 -71.523079
11 96 -80.185387
11 97 -58.677079
11 98 -85.948452
11 99 -78.647720
12 0 -81.507071
12 1 -58.961646
12 2 -87.996116
12 3 -75.957634
12 4 -71.664347
12 5 -78.851618
12 6 -82.556891
12 7 -67.379048
12 8 -86.226916
12 9 -65.060813
12 10 -84.202638
12 11 -83.683804
12 13 -82.852849
12 14 -82.853772
12 15 -82.313703
12 16 -78.730808
12 17 -83.555475
12 18 -65.351006
12 19 -82.710832
12 20 -78.267295
12 21 -86.056563
12 22 -85.342398
12 23 -73.184406
12 24 -74.121447
12 25 -83.791327
12 26 -88.733935
12 27 -83.524172
12 28 -81.230565
12 29 -84.754359
12 30 -65.571431
12 31 -80.177885
12 32 -81.942867
12 33 -62.687095
12 34 -50.918382
12 35 -80.148343
12 36 -83.181681
12 37 -85.656298
12 38 -79.495042
12 39 -82.176616
12 40 -80.006632
12 41 -81.449410
12 42 -81.218850
12 43 -78.325516
12 44 -74.316364
12 45 -78.566285
12 46 -75.492071
12 47 -70.430614
12 48 -72.305994
12 49 -78.050571
12 50 -81.442300
12 51 -85.115234
12 52 -77.357298
12 53 -82.656005
12 54 -46.609444
12 55 -66.170708
12 56 -74.722154
12 57 -83.357472
12 58 -80.125443
12 59 -82.193629
12 60 -84.198975
12 61 -79.648253
12 62 -78.027541
12 63 -79.518209
12 64 -78.580295
12 65 -87.865408
12 66 -84.370258
12 67 -82.141432
12 68 -78.775643
12 69 -83.871329
12 70 -72.618295
12 71 -74.751472
12 72 -86.228983
12 73 -65.850841
12 74 -77.160978
12 75 -85.728209
12 76 -84.125336
12 77 -82.152207
12 78 -78.635127
12 79 -86.069957
12 80 -77.765127
12 81 -83.676008
12 82 -80.104808
12 83 -66.949743
12 84 -83.222436
12 85 -80.645140
12 86 -75.290917
12 87 -53.072730
12 88 -80.573255
12 89 -71.677340
12 90 -83.737353
12 91 -79.653285
12 92 -76.171393
12 93 -85.415847
12 94 -80.175175
12 95 -77.619338
12 96 -82.234736
12 97 -73.217561
12 98 -70.911593
12 99 -75.919456
13 0 -81.732241
13 1 -80.972410
13 2 -75.571328
13 3 -76.259369
13 4 -72.282209
13 5 -75.470689
13 6 -70.055273
13 7 -78.758889
13 8 -65.757206
13 9 -82.407549
13 10 -62.680757
13 11 -77.606625
13 12 -82.852849
13 14 -71.929529
13 15 -75.549220
13 16 -73.875747
13 17 -63.421908
13 18 -79.972735
13 19 -59.089286
13 20 -78.435113
13 21 -77.076478
13 22 -65.256582
13 23 -79.844852
13 24 -80.327549
13 25 -72.476001
13 26 -73.983808
13 27 -73.583460
13 28 -78.883117
13 29 -84.092401
13 30 -79.937593
13 31 -74.617932
13 32 -72.930352
13 33 -77.443416
13 34 -80.925391
13 35 -74.216954
13 36 -66.982202
13 37 -74.492227
13 38 -69.159610
13 39 -78.227145
13 40 -75.476417
13 41 -65.168050
13 42 -80.031645
13 43 -80.521706
13 44 -77.082467
13 45 -73.489038
13 46 -80.946684
13 47 -77.485648
13 48 -76.903381
13 49 -80.686564
13 50 -76.241170
13 51 -76.849896
13 52 -69.426087
13 53 -75.572659
13 54 -88.104353
13 55 -78.321709
13 56 -71.737171
13 57 -82.465169
13 58 -76.767184
13 59 -68.777951
13 60 -66.791998
13 61 -82.139622
13 62 -71.298569
13 63 -79.767169
13 64 -70.785412
13 65 -61.007496
13 66 -72.743092
13 67 -78.431100
13 68 -74.221587
13 69 -69.776538
13 70 -71.827411
13 71 -76.179702
13 72 -53.742235
13 73 -77.868668
13 74 -73.505857
13 75 -64.339784
13 76 -80.940467
13 77 -70.239921
13 78 -68.853252
13 79 -75.704667
13 80 -72.298652
13 81 -68.872245
13 82 -81.367073
13 83 -78.545033
13 84 -68.486078
13 85 -78.630258
13 86 -78.021138
13 87 -82.434684
13 88 -72.000710
13 89 -66.997890
13 90 -80.495497
13 91 -63.835731
13 92 -70.531917
13 93 -78.001153
13 94 -67.072831
13 95 -72.685206
13 96 -65.486492
13 97 -84.098552
13 98 -73.318554
13 99 -77.199367
14 0 -78.582499
14 1 -73.191772
14 2 -71.994575
14 3 -79.749519
14 4 -71.510029
14 5 -67.641957
14 6 -77.504718
14 7 -68.946455
14 8 -76.316861
14 9 -79.381004
14 10 -76.477740
14 11 -71.023356
14 12 -82.853772
14 13 -71.929529
14 15 -79.991888
14 16 -79.054358
14 17 -77.021980
14 18 -80.115099
14 19 -63.832597
14 20 -68.764623
14 21 -72.267111
14 22 -70.335233
14 23 -72.991581
14 24 -80.758904
14 25 -76.402141
14 26 -80.422010
14 27 -74.160885
14 28 -74.230402
14 29 -71.516621
14 30 -79.152212
14 31 -72.982190
14 32 -84.521776
14 33 -76.003149
14 34 -80.859563
14 35 -72.115124
14 36 -66.644865
14 37 -79.616160
14 38 -75.638209
14 39 -78.767748
14 40 -76.795673
14 41 -65.967425
14 42 -73.808740
14 43 -76.639368
14 44 -71.040003
14 45 -67.089449
14 46 -81.166803
14 47 -76.643069
14 48 -79.078225
14 49 -71.095010
14 50 -80.841630
14 51 -79.542686
14 52 -79.047816
14 53 -76.584860
14 54 -77.154920
14 55 -74.540802
14 56 -81.889637
14 57 -75.169763
14 58 -73.836116
14 59 -65.879155
14 60 -57.520839
14 61 -81.447833
14 62 -67.119116
14 63 -85.992839
14 64 -68.128978
14 65 -77.925300
14 66 -70.915898
14 67 -80.139965
14 68 -82.864391
14 69 -57.720219
14 70 -77.384222
14 71 -74.141656
14 72 -68.233977
14 73 -84.089128
14 74 -61.518852
14 75 -62.326061
14 76 -75.406796
14 77 -63.168213
14 78 -69.178137
14 79 -73.671816
14 80 -69.670280
14 81 -75.966959
14 82 -83.386379
14 83 -77.288767
14 84 -71.526137
14 85 -72.798194
14 86 -75.423460
14 87 -85.991826
14 88 -79.404763
14 89 -82.373166
14 90 -80.766277
14 91 -69.393611
14 92 -72.971248
14 93 -74.807258
14 94 -64.820482
14 95 -71.963270
14 96 -67.358280
14 97 -80.008713
14 98 -78.623323
14 99 -73.126592
15 0 -75.348610
15 1 -90.118888
15 2 -79.827823
15 3 -82.296667
15 4 -78.617111
15 5 -83.169956
15 6 -79.072811
15 7 -87.538071
15 8 -69.255994
15 9 -86.755336
15 10 -72.502254
15 11 -86.150148
15 12 -82.313703
15 13 -75.549220
15 14 -79.991888
15 16 -75.973408
15 17 -64.919811
15 18 -90.201737
15 19 -69.768374
15 20 -80.877798
15 21 -60.239881
15 22 -78.772956
15 23 -88.528823
15 24 -83.398299
15 25 -69.207528
15 26 -66.170878
15 27 -84.409344
15 28 -84.948427
15 29 -79.870554
15 30 -84.208131
15 31 -81.216365
15 32 -75.796899
15 33 -86.500510
15 34 -85.181092
15 35 -75.117193
15 36 -73.721229
15 37 -66.790921
15 38 -85.029467
15 39 -85.152703
15 40 -86.022562
15 41 -75.707498
15 42 -80.259470
15 43 -78.607696
15 44 -87.698677
15 45 -75.869978
15 46 -84.192045
15 47 -89.554726
15 48 -90.228272
15 49 -82.292293
15 50 -81.146806
15 51 -74.352876
15 52 -82.887860
15 53 -73.392787
15 54 -88.907018
15 55 -82.167983
15 56 -82.785437
15 57 -80.182397
15 58 -77.023200
15 59 -79.951137
15 60 -75.411770
15 61 -86.296468
15 62 -83.023752
15 63 -79.956670
15 64 -83.054130
15 65 -76.108627
15 66 -78.474606
15 67 -81.490608
15 68 -79.986896
15 69 -79.556515
15 70 -85.514893
15 71 -77.918405
15 72 -71.285360
15 73 -83.950903
15 74 -76.285228
15 75 -80.991664
15 76 -83.007390
15 77 -74.717891
15 78 -78.442839
15 79 -65.037713
15 80 -76.578289
15 81 -71.755029
15 82 -81.038039
15 83 -82.496945
15 84 -67.945083
15 85 -81.185786
15 86 -80.751160
15 87 -78.485821
15 88 -47.817281
15 89 -79.827218
15 90 -84.655612
15 91 -74.877831
15 92 -84.631928
15 93 -75.728862
15 94 -75.595654
15 95 -83.501525
15 96 -75.403004
15 97 -81.816505
15 98 -81.945461
15 99 -81.132254
16 0 -80.396785
16 1 -82.580528
16 2 -87.615074
16 3 -55.020822
16 4 -63.643100
16 5 -76.893052
16 6 -62.832101
16 7 -73.512366
16 8 -74.387251
16 9 -84.409569
16 10 -71.845419
16 11 -79.190438
16 12 -78.730808
16 13 -73.875747
16 14 -79.054358
16 15 -75.973408
16 17 -73.589544
16 18 -80.236427
16 19 -69.250136
16 20 -86.429776
16 21 -77.400308
16 22 -70.065685
16 23 -71.627709
16 24 -73.607638
16 25 -79.442815
16 26 -80.541679
16 27 -61.342150
16 28 -68.320927
16 29 -82.475421
16 30 -80.223328
16 31 -54.294505
16 32 -69.776997
16 33 -75.382580
16 34 -76.702580
16 35 -76.819370
16 36 -72.089623
16 37 -81.855887
16 38 -59.452914
16 39 -68.350255
16 40 -76.355167
16 41 -69.633504
16 42 -68.057042
16 43 -77.884271
16 44 -82.806920
16 45 -75.804946
16 46 -71.329092
16 47 -81.234280
16 48 -75.676969
16 49 -76.274274
16 50 -75.882338
16 51 -82.833355
16 52 -61.797160
16 53 -65.689119
16 54 -79.540816
16 55 -77.725241
16 56 -71.084334
16 57 -85.152484
16 58 -81.310970
16 59 -54.207638
16 60 -75.804199
16 61 -72.002340
16 62 -73.725000
16 63 -76.645026
16 64 -67.999519
16 65 -71.480601
16 66 -79.118399
16 67 -80.336290
16 68 -72.706491
16 69 -77.549136
16 70 -61.593793
16 71 -72.233560
16 72 -70.819803
16 73 -75.733572
16 74 -75.589000
16 75 -68.474638
16 76 -73.391051
16 77 -71.513566
16 78 -66.094038
16 79 -78.741050
16 80 -66.798176
16 81 -62.356726
16 82 -70.589148
16 83 -70.271452
16 84 -74.527550
16 85 -73.854759
16 86 -81.406868
16 87 -79.718587
16 88 -79.755728
16 89 -72.931529
16 90 -65.259976
16 91 -73.651839
16 92 -50.486421
16 93 -78.552522
16 94 -70.969616
16 95 -74.800074
16 96 -80.569879
16 97 -81.559006
16 98 -75.651130
16 99 -74.643681
17 0 -77.761552
17 1 -88.745966
17 2 -71.617341
17 3 -77.830748
17 4 -77.798283
17 5 -80.106047
17 6 -68.462271
17 7 -80.298777
17 8 -64.469400
17 9 -79.171001
17 10 -64.078411
17 11 -79.933428
17 12 -83.555475
17 13 -63.421908
17 14 -77.021980
17 15 -64.919811
17 16 -73.589544
17 18 -86.078978
17 19 -56.805182
17 20 -79.975573
17 21 -77.074666
17 22 -70.485748
17 23 -77.706744
17 24 -79.146953
17 25 -72.524257
17 26 -64.877873
17 27 -75.786383
17 28 -76.881723
17 29 -80.134618
17 30 -86.072393
17 31 -76.080026
17 32 -71.549447
17 33 -85.735118
17 34 -84.561839
17 35 -69.184479
17 36 -74.850488
17 37 -71.997307
17 38 -75.409880
17 39 -81.982366
17 40 -79.662396
17 41 -72.418096
17 42 -69.037701
17 43 -77.487650
17 44 -82.412242
17 45 -71.527518
17 46 -82.233959
17 47 -77.385978
17 48 -84.702506
17 49 -76.275843
17 50 -79.393413
17 51 -86.801879
17 52 -76.297118
17 53 -77.132453
17 54 -89.088228
17 55 -73.683041
17 56 -80.544382
17 57 -82.167283
17 58 -83.660071
17 59 -72.635120
17 60 -74.524950
17 61 -81.469501
17 62 -77.376023
17 63 -77.307189
17 64 -72.462649
17 65 -65.096807
17 66 -71.980900
17 67 -75.577259
17 68 -77.823827
17 69 -70.165510
17 70 -86.877615
17 71 -82.665457
17 72 -62.725691
17 73 -80.850438
17 74 -71.911185
17 75 -67.854533
17 76 -81.982279
17 77 -69.258690
17 78 -75.684441
17 79 -66.937013
17 80 -78.524716
17 81 -72.911418
17 82 -86.030087
17 83 -80.482659
17 84 -66.798010
17 85 -74.195394
17 86 -82.596450
17 87 -87.992596
17 88 -72.135716
17 89 -81.733992
17 90 -82.705119
17 91 -70.036756
17 92 -73.469413
17 93 -77.046721
17 94 -75.685438
17 95 -72.460069
17 96 -71.841917
17 97 -81.153193
17 98 -82.015823
17 99 -80.353463
18 0 -89.558217
18 1 -65.012637
18 2 -81.911132
18 3 -84.680988
18 4 -76.635589
18 5 -75.624286
18 6 -78.157719
18 7 -69.633344
18 8 -83.153592
18 9 -64.762240
18 10 -83.817936
18 11 -70.297225
18 12 -65.351006
18 13 -79.972735
18 14 -80.115099
18 15 -90.201737
18 16 -80.236427
18 17 -86.078978
18 19 -81.361564
18 20 -67.703526
18 21 -82.756664
18 22 -81.504959
18 23 -69.890301
18 24 -60.744712
18 25 -83.042864
18 26 -83.757302
18 27 -80.901645
18 28 -75.684131
18 29 -79.402610
18 30 -64.253460
18 31 -82.528542
18 32 -77.314015
18 33 -63.679169
18 34 -62.336595
18 35 -86.076564
18 36 -81.850162
18 37 -85.081354
18 38 -79.015077
18 39 -84.654788
18 40 -83.632100
18 41 -82.943074
18 42 -74.819315
18 43 -63.831740
18 44 -71.079193
18 45 -73.996502
18 46 -81.027970
18 47 -70.116405
18 48 -72.150523
18 49 -78.751178
18 50 -82.856051
18 51 -78.021769
18 52 -78.374945
18 53 -81.414475
18 54 -69.172188
18 55 -77.714952
18 56 -86.933162
18 57 -79.111102
18 58 -73.507861
18 59 -77.848182
18 60 -77.623739
18 61 -79.571379
18 62 -84.398064
18 63 -66.816114
18 64 -78.287847
18 65 -77.200253
18 66 -80.457872
18 67 -81.514278
18 68 -85.255482
18 69 -80.780424
18 70 -74.206599
18 71 -73.839958
18 72 -84.259810
18 73 -58.890674
18 74 -82.516492
18 75 -75.969072
18 76 -77.401977
18 77 -80.220150
18 78 -76.983591
18 79 -83.837608
18 80 -77.311392
18 81 -82.988853
18 82 -79.079947
18 83 -72.274436
18 84 -84.328619
18 85 -74.796543
18 86 -68.023291
18 87 -61.983869
18 88 -92.420803
18 89 -72.602356
18 90 -83.673279
18 91 -82.635580
18 92 -78.555591
18 93 -82.066149
18 94 -77.025160
18 95 -77.396049
18 96 -79.955218
18 97 -62.047266
18 98 -77.912905
18 99 -74.368860
19 0 -73.324828
19 1 -88.399759
19 2 -75.634519
19 3 -74.202947
19 4 -80.878165
19 5 -75.978104
19 6 -73.213745
19 7 -81.960370
19 8 -56.547015
19 9 -88.517518
19 10 -59.744338
19 11 -80.611573
19 12 -82.710832
19 13 -59.089286
19 14 -63.832597
19 15 -69.768374
19 16 -69.250136
19 17 -56.805182
19 18 -81.361564
19 20 -81.749614
19 21 -69.176105
19 22 -65.701494
19 23 -76.548010
19 24 -74.955132
19 25 -69.204070
19 26 -72.035404
19 27 -72.605608
19 28 -82.237270
19 29 -76.348070
19 30 -85.671790
19 31 -81.109044
19 32 -71.830037
19 33 -86.145273
19 34 -82.688515
19 35 -67.083636
19 36 -73.292501
19 37 -73.781088
19 38 -76.415496
19 39 -76.559660
19 40 -71.648950
19 41 -71.272742
19 42 -73.689547
19 43 -82.770069
19 44 -84.187916
19 45 -74.840646
19 46 -73.967227
19 47 -84.280435
19 48 -79.623951
19 49 -81.128917
19 50 -75.731538
19 51 -77.464712
19 52 -72.984144
19 53 -74.955644
19 54 -77.379423
19 55 -76.679492
19 56 -84.089015
19 57 -80.119446
19 58 -78.520952
19 59 -77.407749
19 60 -81.141235
19 61 -84.200962
19 62 -72.306733
19 63 -86.343589
19 64 -75.123641
19 65 -60.463586
19 66 -80.523140
19 67 -90.577688
19 68 -74.367941
19 69 -63.020732
19 70 -74.901399
19 71 -79.884590
19 72 -61.829679
19 73 -78.204961
19 74 -72.644154
19 75 -73.982790
19 76 -77.216533
19 77 -73.648709
19 78 -77.959523
19 79 -72.266948
19 80 -75.249445
19 81 -73.272826
19 82 -82.296604
19 83 -76.732496
19 84 -55.361874
19 85 -77.694146
19 86 -79.697717
19 87 -85.425754
19 88 -72.454469
19 89 -75.317365
19 90 -80.955671
19 91 -66.409912
19 92 -78.847648
19 93 -77.202356
19 94 -73.964958
19 95 -80.531702
19 96 -68.294848
19 97 -78.214208
19 98 -80.113476
19 99 -84.620775
20 0 -82.464953
20 1 -76.218628
20 2 -81.711954
20 3 -76.942742
20 4 -75.033402
20 5 -64.594235
20 6 -79.196672
20 7 -70.504268
20 8 -85.064842
20 9 -69.411061
20 10 -77.492705
20 11 -57.837530
20 12 -78.267295
20 13 -78.435113
20 14 -68.764623
20 15 -80.877798
20 16 -86.429776
20 17 -79.975573
20 18 -67.703526
20 19 -81.749614
20 21 -80.633887
20 22 -84.951525
20 23 -71.637756
20 24 -64.446225
20 25 -80.905430
20 26 -83.094229
20 27 -81.471574
20 28 -72.452021
20 29 -67.623427
20 30 -74.475486
20 31 -80.303408
20 32 -80.776631
20 33 -78.224970
20 34 -77.146420
20 35 -78.886265
20 36 -75.302913
20 37 -79.285815
20 38 -81.158422
20 39 -79.981987
20 40 -85.887903
20 41 -78.111583
20 42 -80.153327
20 43 -64.051460
20 44 -66.581867
20 45 -74.832949
20 46 -82.119933
20 47 -52.184248
20 48 -73.375831
20 49 -69.407083
20 50 -81.188312
20 51 -76.854446
20 52 -80.618432
20 53 -84.846136
20 54 -77.795495
20 55 -78.836164
20 56 -83.915849
20 57 -74.200182
20 58 -65.740250
20 59 -77.335145
20 60 -69.433965
20 61 -77.458492
20 62 -76.074400
20 63 -74.046577
20 64 -75.794392
20 65 -74.918216
20 66 -75.072450
20 67 -85.589061
20 68 -84.243552
20 69 -73.526244
20 70 -81.481669
20 71 -84.773584
20 72 -77.738789
20 73 -72.649354
20 74 -64.342619
20 75 -73.242276
20 76 -78.011345
20 77 -79.091533
20 78 -69.405987
20 79 -84.807237
20 80 -82.340434
20 81 -81.277403
20 82 -82.134946
20 83 -73.928086
20 84 -84.930364
20 85 -66.430547
20 86 -74.219555
20 87 -80.094622
20 88 -82.339721
20 89 -82.836087
20 90 -80.658362
20 91 -77.979485
20 92 -71.920274
20 93 -74.927040
20 94 -76.753279
20 95 -73.835549
20 96 -79.466110
20 97 -73.037665
20 98 -82.349883
20 99 -74.487082
21 0 -78.499010
21 1 -80.762264
21 2 -80.825095
21 3 -78.739347
21 4 -71.540307
21 5 -81.954262
21 6 -81.955691
21 7 -78.788604
21 8 -71.061700
21 9 -85.353685
21 10 -74.935001
21 11 -80.791686
21 12 -86.056563
21 13 -77.076478
21 14 -72.267111
21 15 -60.239881
21 16 -77.400308
21 17 -77.074666
21 18 -82.756664
21 19 -69.176105
21 20 -80.633887
21 22 -79.325989
21 23 -85.237997
21 24 -85.392049
21 25 -76.671066
21 26 -68.823203
21 27 -77.879115
21 28 -87.192695
21 29 -76.113895
21 30 -87.332749
21 31 -81.400364
21 32 -76.062429
21 33 -78.487734
21 34 -85.445853
21 35 -75.241216
21 36 -75.614058
21 37 -70.739553
21 38 -75.651461
21 39 -84.633403
21 40 -85.909785
21 41 -82.233367
21 42 -75.949934
21 43 -81.558868
21 44 -82.077876
21 45 -79.876501
21 46 -82.563675
21 47 -84.271126
21 48 -87.810030
21 49 -79.114223
21 50 -79.687721
21 51 -86.752846
21 52 -82.529650
21 53 -76.668347
21 54 -77.443694
21 55 -82.380089
21 56 -83.941859
21 57 -79.799169
21 58 -87.431123
21 59 -82.046904
21 60 -74.830777
21 61 -86.824760
21 62 -85.478367
21 63 -84.885499
21 64 -77.512016
21 65 -78.786380
21 66 -75.572782
21 67 -84.825270
21 68 -79.436420
21 69 -73.576884
21 70 -81.366859
21 71 -82.722873
21 72 -77.517691
21 73 -91.236981
21 74 -74.913041
21 75 -73.403080
21 76 -83.750964
21 77 -72.977827
21 78 -83.543904
21 79 -62.466368
21 80 -78.466162
21 81 -72.124418
21 82 -83.965397
21 83 -79.174559
21 84 -72.050768
21 85 -75.711797
21 86 -85.306684
21 87 -84.803897
21 88 -59.568196
21 89 -85.205143
21 90 -85.242585
21 91 -73.072778
21 92 -78.921186
21 93 -74.834811
21 94 -72.356108
21 95 -76.274441
21 96 -70.748088
21 97 -77.987040
21 98 -88.588103
21 99 -77.490995
22 0 -76.036819
22 1 -75.895042
22 2 -78.263285
22 3 -60.318294
22 4 -71.131297
22 5 -80.721870
22 6 -74.158643
22 7 -74.697026
22 8 -64.987823
22 9 -84.202740
22 10 -62.700019
22 11 -82.980551
22 12 -85.342398
22 13 -65.256582
22 14 -70.335233
22 15 -78.772956
22 16 -70.065685
22 17 -70.485748
22 18 -81.504959
22 19 -65.701494
22 20 -84.951525
22 21 -79.325989
22 23 -74.127830
22 24 -81.541603
22 25 -75.979219
22 26 -70.959049
22 27 -70.044274
22 28 -73.090378
22 29 -80.571381
22 30 -76.336081
22 31 -75.810191
22 32 -53.832061
22 33 -80.468615
22 34 -80.170823
22 35 -71.149951
22 36 -66.238194
22 37 -73.172717
22 38 -73.335277
22 39 -76.336017
22 40 -72.038408
22 41 -67.662535
22 42 -70.421196
22 43 -77.019808
22 44 -82.921476
22 45 -73.845508
22 46 -73.078884
22 47 -79.816861
22 48 -81.456098
22 49 -83.201829
22 50 -79.308234
22 51 -80.008670
22 52 -71.861254
22 53 -68.084615
22 54 -84.326659
22 55 -81.025818
22 56 -74.747306
22 57 -84.222321
22 58 -77.044404
22 59 -65.661275
22 60 -76.053264
22 61 -80.973434
22 62 -64.725777
22 63 -85.455390
22 64 -69.952147
22 65 -58.336589
22 66 -75.749957
22 67 -81.022114
22 68 -63.329283
22 69 -78.484657
22 70 -70.717758
22 71 -79.459763
22 72 -60.261605
22 73 -84.203775
22 74 -79.142336
22 75 -72.985059
22 76 -76.609722
22 77 -69.988011
22 78 -70.525985
22 79 -70.683917
22 80 -79.719732
22 81 -74.142840
22 82 -79.740593
22 83 -75.135090
22 84 -66.460568
22 85 -76.244051
22 86 -83.176241
22 87 -82.752709
22 88 -73.575883
22 89 -75.852970
22 90 -74.296435
22 91 -80.464296
22 92 -69.481566
22 93 -79.347931
22 94 -77.630944
22 95 -81.177215
22 96 -75.784870
22 97 -87.876114
22 98 -79.752222
22 99 -81.126770
23 0 -80.091107
23 1 -71.770327
23 2 -78.013528
23 3 -76.008867
23 4 -70.451618
23 5 -63.008178
23 6 -79.281723
23 7 -67.096548
23 8 -77.612970
23 9 -78.049539
23 10 -87.873032
23 11 -68.985350
23 12 -73.184406
23 13 -79.844852
23 14 -72.991581
23 15 -88.528823
23 16 -71.627709
23 17 -77.706744
23 18 -69.890301
23 19 -76.548010
23 20 -71.637756
23 21 -85.237997
23 22 -74.127830
23 24 -62.196346
23 25 -87.612305
23 26 -78.085000
23 27 -76.903657
23 28 -73.734277
23 29 -76.272074
23 30 -71.345524
23 31 -80.811884
23 32 -81.857067
23 33 -70.419590
23 34 -72.698949
23 35 -85.511761
23 36 -77.899391
23 37 -78.979983
23 38 -76.438876
23 39 -80.207293
23 40 -75.484772
23 41 -81.720157
23 42 -80.135169
23 43 -59.354931
23 44 -75.434289
23 45 -75.354338
23 46 -79.709365
23 47 -70.674628
23 48 -69.164159
23 49 -72.042806
23 50 -78.468184
23 51 -78.910285
23 52 -74.205695
23 53 -73.480021
23 54 -75.236505
23 55 -70.082322
23 56 -75.974802
23 57 -82.220594
23 58 -69.519807
23 59 -79.994116
23 60 -76.470339
23 61 -69.492995
23 62 -77.786287
23 63 -69.780570
23 64 -69.088237
23 65 -76.752661
23 66 -78.625963
23 67 -84.745096
23 68 -79.511453
23 69 -76.741345
23 70 -72.864126
23 71 -68.498023
23 72 -80.860806
23 73 -67.348008
23 74 -70.071785
23 75 -71.974157
23 76 -81.164666
23 77 -71.511036
23 78 -63.538607
23 79 -82.140638
23 80 -67.162558
23 81 -69.394664
23 82 -72.047774
23 83 -65.267082
23 84 -80.523808
23 85 -73.941828
23 86 -67.216647
23 87 -70.097882
23 88 -83.396427
23 89 -59.308774
23 90 -75.403085
23 91 -75.027696
23 92 -73.767702
23 93 -81.057300
23 94 -74.132806
23 95 -73.761718
23 96 -78.805697
23 97 -64.942679
23 98 -73.165973
23 99 -66.700596
24 0 -82.524506
24 1 -65.562849
24 2 -77.578223
24 3 -71.394039
24 4 -76.037183
24 5 -64.642875
24 6 -79.786286
24 7 -62.849621
24 8 -80.460974
24 9 -73.422368
24 10 -82.998539
24 11 -66.418731
24 12 -74.121447
24 13 -80.327549
24 14 -80.758904
24 15 -83.398299
24 16 -73.607638
24 17 -79.146953
24 18 -60.744712
24 19 -74.955132
24 20 -64.446225
24 21 -85.392049
24 22 -81.541603
24 23 -62.196346
24 25 -86.110324
24 26 -81.563131
24 27 -79.223460
24 28 -80.911985
24 29 -79.379381
24 30 -71.229196
24 31 -75.842125
24 32 -80.987983
24 33 -65.169444
24 34 -71.714583
24 35 -84.969361
24 36 -79.959945
24 37 -79.919410
24 38 -75.416674
24 39 -82.917131
24 40 -81.238501
24 41 -73.311506
24 42 -81.947949
24 43 -55.259296
24 44 -73.773310
24 45 -70.618387
24 46 -83.820298
24 47 -69.013034
24 48 -73.855347
24 49 -72.459508
